codigo_moneda,pais,factor_usd
CLP,Chile,0.0011
PEN,Peru,0.27
ARS,Argentina,0.001
